15296791116
15600566658
13852806300
15103012026
18631869820
18730755553
13932618802
15837970285
13635568183
19524585726
13998236549
18996703695
17783790393
18612987703
15968842586
13947770246
19853001005
13754062623
13619550653
18628199266
18036655782
13862176896
15268447771
13859690927
15983938856
15995880048
18308214091
18243640282
13409084619
13643448941
18757740555
15824907215
18756361009
17796950801
17790008037
18869545601
15293835055
15618570785
17628291868
18691977314
15850575347
18804266345
18523566139
15114582811
15960131630
18863793065
15192616532
18622741706
0
13576332709
18612346345
13928025858
15068886538
15697460928
18664169236
13992800258
18864815926
18268732233
13153177379
13007645464
13924662177
17870517188
13969466679
17839921697
18763890999
13287153859
13835052417
18714440222
13598030176
18767108163
18747345054
15395601570
13704830608
18730151360
13464352056
15098180986
13835462808
18860527558
17300262505
18608580913
18264126693
13510440125
18717138251
13685397367
13820955107
0
13507598997
15547147425
13963144441
0
15087248736
19514635258
15607530308
18629666989
15934993828
18588411343
15998233881
15374116786
15073161124
18012814849
18682062908
13400690928
13421029705
18018507313
18600655571
13623242520
18747590759
18678052930
13805386122
13920575696
15059116192
15295108354
18798472998
15132326077
18709185191
13174231828
18854976781
18837460951
15763839517
18753537120
15895051081
18129217909
18612134146
15725252071
13563927896
13239102852
15235823903
13687593341
15930835856
18581090680
18603224367
15123964247
18850912710
13453271342
18571895609
18673855300
13040708652
13942907233
13512753434
18609725301
18608016463
15034118226
13659255344
18234779297
18553340800
13739882273
18219988505
15139287652
18764037962
15903978207
17830021076
16603670367
18005675226
18805673972
13842044195
13851213457
18679780284
13684364075
16601135505
15266111823
18569087369
13537605534
18110620513
13229229408
18615785056
18740459000
18692054548
15560979065
18359139070
15810687077
13484443970
15076630074
15848920796
13769509766
13346370799
13646182422
18607313829
18552925895
13802481660
15904609675
13669557435
19907135483
19577203130
13025875616
19079222190
15025619201
13774895445
13655005551
19551700825
18062096070
13684565612
13659488994
13949719997
13326923714
17355518209
18976316889
18394067706
15137596796
15099992855
